  3.98022e+01  1.08018e+06  6.12261e-01
  3.96053e+01  1.07914e+06  6.12261e-01
  3.94091e+01  1.07811e+06  6.12261e-01
  3.92136e+01  1.07707e+06  6.12261e-01
  3.90190e+01  1.07604e+06  6.12261e-01
  3.88252e+01  1.07502e+06  6.12261e-01
  3.86321e+01  1.07400e+06  6.12261e-01
  3.84398e+01  1.07298e+06  6.12261e-01
  3.82482e+01  1.07197e+06  6.12261e-01
  3.80575e+01  1.07096e+06  6.12261e-01
  3.78675e+01  1.06995e+06  6.12261e-01
  3.76783e+01  1.06895e+06  6.12261e-01
  3.74898e+01  1.06795e+06  6.12261e-01
  3.73021e+01  1.06696e+06  6.12261e-01
  3.71152e+01  1.06598e+06  6.12261e-01
  3.69290e+01  1.06501e+06  6.12261e-01
  3.67436e+01  1.06406e+06  6.12261e-01
  3.65590e+01  1.06311e+06  6.12261e-01
  3.63751e+01  1.06218e+06  6.12261e-01
  3.61919e+01  1.06126e+06  6.12261e-01
  3.60095e+01  1.06035e+06  6.12261e-01
  3.58279e+01  1.05946e+06  6.12261e-01
  3.56470e+01  1.05858e+06  6.12261e-01
  3.54668e+01  1.05770e+06  6.12261e-01
  3.52874e+01  1.05684e+06  6.12261e-01
  3.51088e+01  1.05600e+06  6.12261e-01
  3.49309e+01  1.05516e+06  6.12261e-01
  3.47537e+01  1.05433e+06  6.12261e-01
  3.45772e+01  1.05352e+06  6.12261e-01
  3.44015e+01  1.05271e+06  6.12261e-01
  3.42266e+01  1.05191e+06  6.12261e-01
  3.40523e+01  1.05111e+06  6.12261e-01
  3.38788e+01  1.05032e+06  6.12261e-01
  3.37061e+01  1.04953e+06  6.12261e-01
  3.35340e+01  1.04874e+06  6.12261e-01
  3.33627e+01  1.04794e+06  6.12261e-01
  3.31921e+01  1.04715e+06  6.12261e-01
  3.30222e+01  1.04635e+06  6.12261e-01
  3.28531e+01  1.04556e+06  6.12261e-01
  3.26846e+01  1.04475e+06  6.12261e-01
  3.25169e+01  1.04395e+06  6.12261e-01
  3.23499e+01  1.04314e+06  6.12261e-01
  3.21836e+01  1.04232e+06  6.12261e-01
  3.20180e+01  1.04149e+06  6.12261e-01
  3.18532e+01  1.04066e+06  6.12261e-01
  3.16890e+01  1.03983e+06  6.12261e-01
  3.15256e+01  1.03898e+06  6.12261e-01
  3.13628e+01  1.03813e+06  6.12261e-01
  3.12008e+01  1.03728e+06  6.12261e-01
  3.10394e+01  1.03642e+06  6.12261e-01
  3.08788e+01  1.03556e+06  6.12261e-01
  3.07188e+01  1.03469e+06  6.12261e-01
  3.05596e+01  1.03382e+06  6.12261e-01
  3.04011e+01  1.03295e+06  6.12261e-01
  3.02432e+01  1.03207e+06  6.12261e-01
  3.00860e+01  1.03120e+06  6.12261e-01
  2.99296e+01  1.03033e+06  6.12261e-01
  2.97738e+01  1.02945e+06  6.12261e-01
  2.96187e+01  1.02858e+06  6.12261e-01
  2.94642e+01  1.02771e+06  6.12261e-01
  2.93105e+01  1.02685e+06  6.12261e-01
  2.91574e+01  1.02598e+06  6.12261e-01
  2.90051e+01  1.02513e+06  6.12261e-01
  2.88534e+01  1.02427e+06  6.12261e-01
  2.87023e+01  1.02343e+06  6.12261e-01
  2.85520e+01  1.02259e+06  6.12261e-01
  2.84023e+01  1.02175e+06  6.12261e-01
  2.82533e+01  1.02093e+06  6.12261e-01
  2.81050e+01  1.02011e+06  6.12261e-01
  2.79573e+01  1.01929e+06  6.12261e-01
  2.78103e+01  1.01848e+06  6.12261e-01
  2.76639e+01  1.01769e+06  6.12261e-01
  2.75183e+01  1.01690e+06  6.12261e-01
  2.73732e+01  1.01612e+06  6.12261e-01
  2.72289e+01  1.01535e+06  6.12261e-01
  2.70852e+01  1.01459e+06  6.12261e-01
  2.69421e+01  1.01384e+06  6.12261e-01
  2.67997e+01  1.01311e+06  6.12261e-01
  2.66580e+01  1.01238e+06  6.12261e-01
  2.65169e+01  1.01166e+06  6.12261e-01
  2.63764e+01  1.01096e+06  6.12261e-01
  2.62366e+01  1.01026e+06  6.12261e-01
  2.60975e+01  1.00958e+06  6.12261e-01
  2.59590e+01  1.00891e+06  6.12261e-01
  2.58211e+01  1.00825e+06  6.12261e-01
  2.56838e+01  1.00760e+06  6.12261e-01
  2.55472e+01  1.00697e+06  6.12261e-01
  2.54113e+01  1.00634e+06  6.12261e-01
  2.52759e+01  1.00573e+06  6.12261e-01
  2.51412e+01  1.00513e+06  6.12261e-01
  2.50072e+01  1.00454e+06  6.12261e-01
  2.48737e+01  1.00397e+06  6.12261e-01
  2.47409e+01  1.00340e+06  6.12261e-01
  2.46087e+01  1.00285e+06  6.12261e-01
  2.44772e+01  1.00231e+06  6.12261e-01
  2.43462e+01  1.00178e+06  6.12261e-01
  2.42159e+01  1.00127e+06  6.12261e-01
  2.40862e+01  1.00076e+06  6.12261e-01
  2.39571e+01  1.00025e+06  6.12261e-01
  2.38287e+01  9.99754e+05  6.12261e-01
  2.37008e+01  9.99258e+05  6.12261e-01
  2.35736e+01  9.98768e+05  6.12261e-01
  2.34469e+01  9.98281e+05  6.12261e-01
  2.33209e+01  9.97799e+05  6.12261e-01
  2.31955e+01  9.97318e+05  6.12261e-01
  2.30707e+01  9.96843e+05  6.12261e-01
  2.29464e+01  9.96371e+05  6.12261e-01
  2.28228e+01  9.95900e+05  6.12261e-01
  2.26998e+01  9.95432e+05  6.12261e-01
  2.25774e+01  9.94965e+05  6.12261e-01
  2.24556e+01  9.94500e+05  6.12261e-01
  2.23344e+01  9.94036e+05  6.12261e-01
  2.22137e+01  9.93570e+05  6.12261e-01
  2.20937e+01  9.93105e+05  6.12261e-01
  2.19742e+01  9.92638e+05  6.12261e-01
  2.18554e+01  9.92168e+05  6.12261e-01
  2.17371e+01  9.91694e+05  6.12261e-01
  2.16194e+01  9.91217e+05  6.12261e-01
  2.15023e+01  9.90733e+05  6.12261e-01
  2.13857e+01  9.90244e+05  6.12261e-01
  2.12698e+01  9.89747e+05  6.12261e-01
  2.11544e+01  9.89242e+05  6.12261e-01
  2.10396e+01  9.88728e+05  6.12261e-01
  2.09253e+01  9.88205e+05  6.12261e-01
  2.08117e+01  9.87671e+05  6.12261e-01
  2.06986e+01  9.87127e+05  6.12261e-01
  2.05861e+01  9.86570e+05  6.12261e-01
  2.04741e+01  9.86003e+05  6.12261e-01
  2.03627e+01  9.85425e+05  6.12261e-01
  2.02519e+01  9.84834e+05  6.12261e-01
  2.01416e+01  9.84232e+05  6.12261e-01
  2.00319e+01  9.83618e+05  6.12261e-01
  1.99228e+01  9.82994e+05  6.12261e-01
  1.98141e+01  9.82360e+05  6.12261e-01
  1.97061e+01  9.81717e+05  6.12261e-01
  1.95986e+01  9.81063e+05  6.12261e-01
  1.94917e+01  9.80401e+05  6.12261e-01
  1.93853e+01  9.79729e+05  6.12261e-01
  1.92794e+01  9.79048e+05  6.12261e-01
  1.91742e+01  9.78359e+05  6.12261e-01
  1.90694e+01  9.77659e+05  6.12261e-01
  1.89652e+01  9.76950e+05  6.12261e-01
  1.88615e+01  9.76232e+05  6.12261e-01
  1.87584e+01  9.75503e+05  6.12261e-01
  1.86558e+01  9.74763e+05  6.12261e-01
  1.85537e+01  9.74015e+05  6.12261e-01
  1.84522e+01  9.73255e+05  6.12261e-01
  1.83512e+01  9.72486e+05  6.12261e-01
  1.82507e+01  9.71708e+05  6.12261e-01
  1.81508e+01  9.70918e+05  6.12261e-01
  1.80514e+01  9.70120e+05  6.12261e-01
  1.79525e+01  9.69313e+05  6.12261e-01
  1.78542e+01  9.68498e+05  6.12261e-01
  1.77563e+01  9.67673e+05  6.12261e-01
  1.76590e+01  9.66840e+05  6.12261e-01
  1.75622e+01  9.66001e+05  6.12261e-01
  1.74659e+01  9.65155e+05  6.12261e-01
  1.73701e+01  9.64303e+05  6.12261e-01
  1.72749e+01  9.63447e+05  6.12261e-01
  1.71801e+01  9.62588e+05  6.12261e-01
  1.70859e+01  9.61725e+05  6.12261e-01
  1.69921e+01  9.60862e+05  6.12261e-01
  1.68989e+01  9.59997e+05  6.12261e-01
  1.68062e+01  9.59132e+05  6.12261e-01
  1.67139e+01  9.58269e+05  6.12261e-01
  1.66222e+01  9.57404e+05  6.12261e-01
  1.65310e+01  9.56540e+05  6.12261e-01
  1.64403e+01  9.55677e+05  6.12261e-01
  1.63500e+01  9.54815e+05  6.12261e-01
  1.62603e+01  9.53953e+05  6.12261e-01
  1.61711e+01  9.53091e+05  6.12261e-01
  1.60823e+01  9.52230e+05  6.12261e-01
  1.59940e+01  9.51367e+05  6.12261e-01
  1.59062e+01  9.50504e+05  6.12261e-01
  1.58190e+01  9.49642e+05  6.12261e-01
  1.57321e+01  9.48779e+05  6.12261e-01
  1.56458e+01  9.47915e+05  6.12261e-01
  1.55600e+01  9.47052e+05  6.12261e-01
  1.54746e+01  9.46191e+05  6.12261e-01
  1.53897e+01  9.45331e+05  6.12261e-01
  1.53053e+01  9.44474e+05  6.12261e-01
  1.52213e+01  9.43617e+05  6.12261e-01
  1.51378e+01  9.42764e+05  6.12261e-01
  1.50548e+01  9.41915e+05  6.12261e-01
  1.49723e+01  9.41068e+05  6.12261e-01
  1.48902e+01  9.40225e+05  6.12261e-01
  1.48086e+01  9.39385e+05  6.12261e-01
  1.47274e+01  9.38550e+05  6.12261e-01
  1.46467e+01  9.37717e+05  6.12261e-01
  1.45665e+01  9.36888e+05  6.12261e-01
  1.44867e+01  9.36061e+05  6.12261e-01
  1.44074e+01  9.35241e+05  6.12261e-01
  1.43285e+01  9.34422e+05  6.12261e-01
  1.42501e+01  9.33607e+05  6.12261e-01
  1.41721e+01  9.32795e+05  6.12261e-01
  1.40946e+01  9.31988e+05  6.12261e-01
  1.40176e+01  9.31186e+05  6.12261e-01
  1.39409e+01  9.30384e+05  6.12261e-01
  1.38647e+01  9.29587e+05  6.12261e-01
  1.37890e+01  9.28795e+05  6.12261e-01
  1.37137e+01  9.28006e+05  6.12261e-01
  1.36388e+01  9.27218e+05  6.12261e-01
  1.35644e+01  9.26437e+05  6.12261e-01
  1.34904e+01  9.25657e+05  6.12261e-01
  1.34169e+01  9.24880e+05  6.12261e-01
  1.33437e+01  9.24106e+05  6.12261e-01
  1.32710e+01  9.23334e+05  6.12261e-01
  1.31988e+01  9.22566e+05  6.12261e-01
  1.31269e+01  9.21801e+05  6.12261e-01
  1.30555e+01  9.21036e+05  6.12261e-01
  1.29845e+01  9.20274e+05  6.12261e-01
  1.29139e+01  9.19514e+05  6.12261e-01
  1.28438e+01  9.18754e+05  6.12261e-01
  1.27740e+01  9.17995e+05  6.12261e-01
  1.27047e+01  9.17234e+05  6.12261e-01
  1.26358e+01  9.16470e+05  6.12261e-01
  1.25673e+01  9.15701e+05  6.12261e-01
  1.24992e+01  9.14927e+05  6.12261e-01
  1.24315e+01  9.14146e+05  6.12261e-01
  1.23642e+01  9.13358e+05  6.12261e-01
  1.22973e+01  9.12564e+05  6.12261e-01
  1.22309e+01  9.11765e+05  6.12261e-01
  1.21648e+01  9.10964e+05  6.12261e-01
  1.20991e+01  9.10160e+05  6.12261e-01
  1.20338e+01  9.09355e+05  6.12261e-01
  1.19690e+01  9.08547e+05  6.12261e-01
  1.19045e+01  9.07738e+05  6.12261e-01
  1.18404e+01  9.06928e+05  6.12261e-01
  1.17767e+01  9.06116e+05  6.12261e-01
  1.17134e+01  9.05305e+05  6.12261e-01
  1.16505e+01  9.04492e+05  6.12261e-01
  1.15880e+01  9.03678e+05  6.12261e-01
  1.15258e+01  9.02861e+05  6.12261e-01
  1.14641e+01  9.02044e+05  6.12261e-01
  1.14027e+01  9.01223e+05  6.12261e-01
  1.13417e+01  9.00400e+05  6.12261e-01
  1.12810e+01  8.99576e+05  6.12261e-01
  1.12208e+01  8.98748e+05  6.12261e-01
  1.11609e+01  8.97919e+05  6.12261e-01
  1.11014e+01  8.97086e+05  6.12261e-01
  1.10422e+01  8.96252e+05  6.12261e-01
  1.09835e+01  8.95416e+05  6.12261e-01
  1.09251e+01  8.94578e+05  6.12261e-01
  1.08670e+01  8.93739e+05  6.12261e-01
  1.08094e+01  8.92898e+05  6.12261e-01
  1.07521e+01  8.92057e+05  6.12261e-01
  1.06951e+01  8.91214e+05  6.12261e-01
  1.06385e+01  8.90370e+05  6.12261e-01
  1.05823e+01  8.89527e+05  6.12261e-01
  1.05264e+01  8.88682e+05  6.12261e-01
  1.04709e+01  8.87836e+05  6.12261e-01
  1.04157e+01  8.86989e+05  6.12261e-01
  1.03609e+01  8.86143e+05  6.12261e-01
  1.03064e+01  8.85297e+05  6.12261e-01
  1.02522e+01  8.84449e+05  6.12261e-01
  1.01984e+01  8.83603e+05  6.12261e-01
  1.01450e+01  8.82755e+05  6.12261e-01
  1.00919e+01  8.81907e+05  6.12261e-01
  1.00391e+01  8.81058e+05  6.12261e-01
  9.98668e+00  8.80208e+05  6.12261e-01
  9.93458e+00  8.79359e+05  6.12261e-01
  9.88282e+00  8.78508e+05  6.12261e-01
  9.83139e+00  8.77656e+05  6.12261e-01
  9.78029e+00  8.76805e+05  6.12261e-01
  9.72952e+00  8.75952e+05  6.12261e-01
  9.67908e+00  8.75098e+05  6.12261e-01
  9.62896e+00  8.74243e+05  6.12261e-01
  9.57916e+00  8.73388e+05  6.12261e-01
  9.52969e+00  8.72533e+05  6.12261e-01
  9.48053e+00  8.71677e+05  6.12261e-01
  9.43170e+00  8.70820e+05  6.12261e-01
  9.38318e+00  8.69961e+05  6.12261e-01
  9.33497e+00  8.69103e+05  6.12261e-01
  9.28708e+00  8.68244e+05  6.12261e-01
  9.23950e+00  8.67384e+05  6.12261e-01
  9.19223e+00  8.66524e+05  6.12261e-01
  9.14526e+00  8.65663e+05  6.12261e-01
  9.09861e+00  8.64800e+05  6.12261e-01
  9.05225e+00  8.63937e+05  6.12261e-01
  9.00620e+00  8.63073e+05  6.12261e-01
  8.96046e+00  8.62206e+05  6.12261e-01
  8.91501e+00  8.61340e+05  6.12261e-01
  8.86985e+00  8.60472e+05  6.12261e-01
  8.82500e+00  8.59602e+05  6.12261e-01
  8.78043e+00  8.58732e+05  6.12261e-01
  8.73616e+00  8.57861e+05  6.12261e-01
  8.69218e+00  8.56988e+05  6.12261e-01
  8.64849e+00  8.56115e+05  6.12261e-01
  8.60509e+00  8.55241e+05  6.12261e-01
  8.56197e+00  8.54366e+05  6.12261e-01
  8.51913e+00  8.53490e+05  6.12261e-01
  8.47658e+00  8.52615e+05  6.12261e-01
  8.43430e+00  8.51739e+05  6.12261e-01
  8.39231e+00  8.50862e+05  6.12261e-01
  8.35059e+00  8.49984e+05  6.12261e-01
  8.30914e+00  8.49109e+05  6.12261e-01
  8.26797e+00  8.48231e+05  6.12261e-01
  8.22707e+00  8.47353e+05  6.12261e-01
  8.18644e+00  8.46475e+05  6.12261e-01
  8.14608e+00  8.45597e+05  6.12261e-01
  8.10598e+00  8.44719e+05  6.12261e-01
  8.06615e+00  8.43840e+05  6.12261e-01
  8.02658e+00  8.42960e+05  6.12261e-01
  7.98728e+00  8.42080e+05  6.12261e-01
  7.94823e+00  8.41198e+05  6.12261e-01
  7.90943e+00  8.40316e+05  6.12261e-01
  7.87090e+00  8.39432e+05  6.12261e-01
  7.83262e+00  8.38544e+05  6.12261e-01
  7.79459e+00  8.37655e+05  6.12261e-01
  7.75681e+00  8.36760e+05  6.12261e-01
  7.71928e+00  8.35861e+05  6.12261e-01
  7.68200e+00  8.34957e+05  6.12261e-01
  7.64496e+00  8.34047e+05  6.12261e-01
  7.60817e+00  8.33134e+05  6.12261e-01
  7.57162e+00  8.32217e+05  6.12261e-01
  7.53530e+00  8.31298e+05  6.12261e-01
  7.49923e+00  8.30379e+05  6.12261e-01
  7.46340e+00  8.29458e+05  6.12261e-01
  7.42779e+00  8.28535e+05  6.12261e-01
  7.39243e+00  8.27612e+05  6.12261e-01
  7.35729e+00  8.26688e+05  6.12261e-01
  7.32238e+00  8.25763e+05  6.12261e-01
  7.28770e+00  8.24837e+05  6.12261e-01
  7.25325e+00  8.23909e+05  6.12261e-01
  7.21902e+00  8.22979e+05  6.12261e-01
  7.18502e+00  8.22047e+05  6.12261e-01
  7.15123e+00  8.21112e+05  6.12261e-01
  7.11767e+00  8.20173e+05  6.12261e-01
  7.08432e+00  8.19230e+05  6.12261e-01
  7.05119e+00  8.18285e+05  6.12261e-01
  7.01827e+00  8.17335e+05  6.12261e-01
  6.98556e+00  8.16381e+05  6.12261e-01
  6.95307e+00  8.15425e+05  6.12261e-01
  6.92078e+00  8.14466e+05  6.12261e-01
  6.88871e+00  8.13503e+05  6.12261e-01
  6.85683e+00  8.12538e+05  6.12261e-01
  6.82516e+00  8.11570e+05  6.12261e-01
  6.79370e+00  8.10597e+05  6.12261e-01
  6.76243e+00  8.09622e+05  6.12261e-01
  6.73136e+00  8.08643e+05  6.12261e-01
  6.70049e+00  8.07661e+05  6.12261e-01
  6.66981e+00  8.06675e+05  6.12261e-01
  6.63933e+00  8.05684e+05  6.12261e-01
  6.60904e+00  8.04690e+05  6.12261e-01
  6.57894e+00  8.03691e+05  6.12261e-01
  6.54902e+00  8.02688e+05  6.12261e-01
  6.51930e+00  8.01681e+05  6.12261e-01
  6.48975e+00  8.00668e+05  6.12261e-01
  6.46039e+00  7.99651e+05  6.12261e-01
  6.43121e+00  7.98630e+05  6.12261e-01
  6.40222e+00  7.97605e+05  6.12261e-01
  6.37339e+00  7.96576e+05  6.12261e-01
  6.34475e+00  7.95541e+05  6.12261e-01
  6.31628e+00  7.94504e+05  6.12261e-01
  6.28798e+00  7.93460e+05  6.12261e-01
  6.25985e+00  7.92414e+05  6.12261e-01
  6.23189e+00  7.91362e+05  6.12261e-01
  6.20410e+00  7.90308e+05  6.12261e-01
  6.17647e+00  7.89249e+05  6.12261e-01
  6.14901e+00  7.88186e+05  6.12261e-01
  6.12171e+00  7.87119e+05  6.12261e-01
  6.09457e+00  7.86048e+05  6.12261e-01
  6.06759e+00  7.84974e+05  6.12261e-01
  6.04076e+00  7.83896e+05  6.12261e-01
  6.01409e+00  7.82813e+05  6.12261e-01
  5.98758e+00  7.81728e+05  6.12261e-01
  5.96121e+00  7.80639e+05  6.12261e-01
  5.93500e+00  7.79546e+05  6.12261e-01
  5.90893e+00  7.78450e+05  6.12261e-01
  5.88301e+00  7.77351e+05  6.12261e-01
  5.85724e+00  7.76249e+05  6.12261e-01
  5.83161e+00  7.75142e+05  6.12261e-01
  5.80612e+00  7.74033e+05  6.12261e-01
  5.78076e+00  7.72920e+05  6.12261e-01
  5.75555e+00  7.71803e+05  6.12261e-01
  5.73047e+00  7.70682e+05  6.12261e-01
  5.70553e+00  7.69560e+05  6.12261e-01
  5.68072e+00  7.68434e+05  6.12261e-01
  5.65604e+00  7.67303e+05  6.12261e-01
  5.63149e+00  7.66171e+05  6.12261e-01
  5.60707e+00  7.65033e+05  6.12261e-01
  5.58277e+00  7.63893e+05  6.12261e-01
  5.55860e+00  7.62750e+05  6.12261e-01
  5.53454e+00  7.61602e+05  6.12261e-01
  5.51061e+00  7.60451e+05  6.12261e-01
  5.48680e+00  7.59296e+05  6.12261e-01
  5.46311e+00  7.58138e+05  6.12261e-01
  5.43953e+00  7.56976e+05  6.12261e-01
  5.41606e+00  7.55809e+05  6.12261e-01
  5.39270e+00  7.54641e+05  6.12261e-01
  5.36946e+00  7.53467e+05  6.12261e-01
  5.34632e+00  7.52290e+05  6.12261e-01
  5.32329e+00  7.51108e+05  6.12261e-01
  5.30037e+00  7.49924e+05  6.12261e-01
  5.27754e+00  7.48736e+05  6.12261e-01
  5.25482e+00  7.47543e+05  6.12261e-01
  5.23220e+00  7.46346e+05  6.12261e-01
  5.20968e+00  7.45146e+05  6.12261e-01
  5.18725e+00  7.43941e+05  6.12261e-01
  5.16492e+00  7.42732e+05  6.12261e-01
  5.14268e+00  7.41519e+05  6.12261e-01
  5.12053e+00  7.40302e+05  6.12261e-01
  5.09847e+00  7.39081e+05  6.12261e-01
  5.07650e+00  7.37856e+05  6.12261e-01
  5.05461e+00  7.36626e+05  6.12261e-01
  5.03281e+00  7.35392e+05  6.12261e-01
  5.01109e+00  7.34153e+05  6.12261e-01
  4.98945e+00  7.32910e+05  6.12261e-01
  4.96789e+00  7.31662e+05  6.12261e-01
  4.94641e+00  7.30409e+05  6.12261e-01
  4.92500e+00  7.29152e+05  6.12261e-01
  4.90366e+00  7.27890e+05  6.12261e-01
  4.88240e+00  7.26623e+05  6.12261e-01
  4.86121e+00  7.25351e+05  6.12261e-01
  4.84008e+00  7.24074e+05  6.12261e-01
  4.81903e+00  7.22792e+05  6.12261e-01
  4.79803e+00  7.21506e+05  6.12261e-01
  4.77710e+00  7.20213e+05  6.12261e-01
  4.75623e+00  7.18916e+05  6.12261e-01
  4.73542e+00  7.17613e+05  6.12261e-01
  4.71467e+00  7.16305e+05  6.12261e-01
  4.69398e+00  7.14991e+05  6.12261e-01
  4.67334e+00  7.13672e+05  6.12261e-01
  4.65275e+00  7.12347e+05  6.12261e-01
  4.63222e+00  7.11017e+05  6.12261e-01
  4.61173e+00  7.09680e+05  6.12261e-01
  4.59129e+00  7.08338e+05  6.12261e-01
  4.57090e+00  7.06989e+05  6.12261e-01
  4.55055e+00  7.05634e+05  6.12261e-01
  4.53024e+00  7.04273e+05  6.12261e-01
  4.50998e+00  7.02905e+05  6.12261e-01
  4.48975e+00  7.01531e+05  6.12261e-01
  4.46956e+00  7.00150e+05  6.12261e-01
  4.44940e+00  6.98761e+05  6.12261e-01
  4.42928e+00  6.97365e+05  6.12261e-01
  4.40919e+00  6.95963e+05  6.12261e-01
  4.38913e+00  6.94551e+05  6.12261e-01
  4.36910e+00  6.93133e+05  6.12261e-01
  4.34910e+00  6.91707e+05  6.12261e-01
  4.32912e+00  6.90272e+05  6.12261e-01
  4.30917e+00  6.88831e+05  6.12261e-01
  4.28923e+00  6.87380e+05  6.12261e-01
  4.26932e+00  6.85923e+05  6.12261e-01
  4.24942e+00  6.84457e+05  6.12261e-01
  4.22954e+00  6.82982e+05  6.12261e-01
  4.20968e+00  6.81500e+05  6.12261e-01
  4.18983e+00  6.80009e+05  6.12261e-01
  4.16999e+00  6.78510e+05  6.12261e-01
  4.15016e+00  6.77003e+05  6.12261e-01
  4.13033e+00  6.75486e+05  6.12261e-01
  4.11051e+00  6.73961e+05  6.12261e-01
  4.09070e+00  6.72428e+05  6.12261e-01
  4.07089e+00  6.70885e+05  6.12261e-01
  4.05108e+00  6.69333e+05  6.12261e-01
  4.03128e+00  6.67771e+05  6.12261e-01
  4.01149e+00  6.66201e+05  6.12261e-01
  3.99169e+00  6.64620e+05  6.12261e-01
  3.97191e+00  6.63030e+05  6.12261e-01
  3.95212e+00  6.61430e+05  6.12261e-01
  3.93234e+00  6.59820e+05  6.12261e-01
  3.91256e+00  6.58200e+05  6.12261e-01
  3.89279e+00  6.56570e+05  6.12261e-01
  3.87302e+00  6.54929e+05  6.12261e-01
  3.85325e+00  6.53278e+05  6.12261e-01
  3.83349e+00  6.51616e+05  6.12261e-01
  3.81374e+00  6.49944e+05  6.12261e-01
  3.79398e+00  6.48259e+05  6.12261e-01
  3.77423e+00  6.46564e+05  6.12261e-01
  3.75448e+00  6.44858e+05  6.12261e-01
  3.73474e+00  6.43140e+05  6.12261e-01
  3.71500e+00  6.41409e+05  6.12261e-01
  3.69526e+00  6.39667e+05  6.12261e-01
  3.67553e+00  6.37914e+05  6.12261e-01
  3.65580e+00  6.36146e+05  6.12261e-01
  3.63608e+00  6.34367e+05  6.12261e-01
  3.61635e+00  6.32574e+05  6.12261e-01
  3.59663e+00  6.30770e+05  6.12261e-01
  3.57692e+00  6.28951e+05  6.12261e-01
  3.55721e+00  6.27119e+05  6.12261e-01
  3.53750e+00  6.25273e+05  6.12261e-01
  3.51779e+00  6.23412e+05  6.12261e-01
  3.49809e+00  6.21538e+05  6.12261e-01
  3.47839e+00  6.19648e+05  6.12261e-01
  3.45869e+00  6.17744e+05  6.12261e-01
  3.43900e+00  6.15824e+05  6.12261e-01
  3.41931e+00  6.13890e+05  6.12261e-01
  3.39962e+00  6.11939e+05  6.12261e-01
  3.37994e+00  6.09973e+05  6.12261e-01
  3.36026e+00  6.07990e+05  6.12261e-01
  3.34058e+00  6.05991e+05  6.12261e-01
  3.32090e+00  6.03974e+05  6.12261e-01
  3.30123e+00  6.01940e+05  6.12261e-01
  3.28156e+00  5.99888e+05  6.12261e-01
  3.26190e+00  5.97819e+05  6.12261e-01
  3.24223e+00  5.95730e+05  6.12261e-01
  3.22257e+00  5.93623e+05  6.12261e-01
  3.20291e+00  5.91497e+05  6.12261e-01
  3.18326e+00  5.89351e+05  6.12261e-01
  3.16361e+00  5.87184e+05  6.12261e-01
  3.14396e+00  5.84997e+05  6.12261e-01
  3.12431e+00  5.82789e+05  6.12261e-01
  3.10466e+00  5.80559e+05  6.12261e-01
  3.08502e+00  5.78307e+05  6.12261e-01
  3.06538e+00  5.76032e+05  6.12261e-01
  3.04574e+00  5.73734e+05  6.12261e-01
  3.02611e+00  5.71411e+05  6.12261e-01
  3.00648e+00  5.69064e+05  6.12261e-01
  2.98685e+00  5.66690e+05  6.12261e-01
  2.96722e+00  5.64292e+05  6.12261e-01
  2.94759e+00  5.61865e+05  6.12261e-01
  2.92797e+00  5.59410e+05  6.12261e-01
  2.90835e+00  5.56926e+05  6.12261e-01
  2.88873e+00  5.54413e+05  6.12261e-01
  2.86911e+00  5.51869e+05  6.12261e-01
  2.84950e+00  5.49292e+05  6.12261e-01
  2.82989e+00  5.46684e+05  6.12261e-01
  2.81028e+00  5.44039e+05  6.12261e-01
  2.79067e+00  5.41360e+05  6.12261e-01
  2.77106e+00  5.38645e+05  6.12261e-01
  2.75146e+00  5.35890e+05  6.12261e-01
  2.73185e+00  5.33096e+05  6.12261e-01
  2.71225e+00  5.30261e+05  6.12261e-01
  2.69266e+00  5.27381e+05  6.12261e-01
  2.67306e+00  5.24457e+05  6.12261e-01
  2.65346e+00  5.21486e+05  6.12261e-01
  2.63387e+00  5.18465e+05  6.12261e-01
  2.61428e+00  5.15391e+05  6.12261e-01
  2.59469e+00  5.12263e+05  6.12261e-01
  2.57510e+00  5.09077e+05  6.12261e-01
  2.55552e+00  5.05830e+05  6.12261e-01
  2.53593e+00  5.02516e+05  6.12261e-01
  2.51635e+00  4.99135e+05  6.12261e-01
  2.49677e+00  4.95678e+05  6.12261e-01
  2.47719e+00  4.92141e+05  6.12261e-01
  2.45761e+00  4.88517e+05  6.12261e-01
  2.43803e+00  4.84799e+05  6.12261e-01
  2.41846e+00  4.80977e+05  6.12261e-01
  2.39888e+00  4.77038e+05  6.12261e-01
  2.37931e+00  4.72964e+05  6.12261e-01
  2.35974e+00  4.68721e+05  6.12261e-01
  2.34017e+00  4.64262e+05  6.12261e-01
  2.32060e+00  4.59558e+05  6.12261e-01
  2.30103e+00  4.54764e+05  6.12327e-01
  2.28147e+00  4.49925e+05  6.12410e-01
  2.26190e+00  4.44973e+05  6.12474e-01
  2.24234e+00  4.39877e+05  6.12552e-01
  2.22277e+00  4.34575e+05  6.12635e-01
  2.20321e+00  4.28999e+05  6.12726e-01
  2.18365e+00  4.23066e+05  6.12848e-01
  2.16409e+00  4.16839e+05  6.13044e-01
  2.14453e+00  4.10363e+05  6.13307e-01
  2.12497e+00  4.03703e+05  6.13622e-01
  2.10542e+00  3.96806e+05  6.14001e-01
  2.08586e+00  3.89498e+05  6.14383e-01
  2.06630e+00  3.81763e+05  6.14840e-01
  2.04675e+00  3.73518e+05  6.15395e-01
  2.02720e+00  3.64560e+05  6.15959e-01
  2.00764e+00  3.55447e+05  6.16957e-01
  1.98809e+00  3.46430e+05  6.18181e-01
  1.96854e+00  3.37467e+05  6.19521e-01
  1.94899e+00  3.28779e+05  6.21203e-01
  1.92944e+00  3.20112e+05  6.23078e-01
  1.90989e+00  3.11045e+05  6.25166e-01
  1.89034e+00  3.01618e+05  6.27755e-01
  1.87079e+00  2.92511e+05  6.31009e-01
  1.85124e+00  2.83627e+05  6.34687e-01
  1.83170e+00  2.74160e+05  6.38599e-01
  1.81215e+00  2.64338e+05  6.43131e-01
  1.79260e+00  2.54616e+05  6.47972e-01
  1.77305e+00  2.45087e+05  6.53418e-01
  1.75351e+00  2.36162e+05  6.59475e-01
  1.73396e+00  2.27609e+05  6.65846e-01
  1.71442e+00  2.19133e+05  6.72472e-01
  1.69487e+00  2.10649e+05  6.79699e-01
  1.67533e+00  2.02285e+05  6.87269e-01
  1.65578e+00  1.94258e+05  6.95393e-01
  1.63624e+00  1.86392e+05  7.04214e-01
  1.61669e+00  1.78453e+05  7.13681e-01
  1.59715e+00  1.70620e+05  7.23732e-01
  1.57760e+00  1.63072e+05  7.34178e-01
  1.55806e+00  1.56070e+05  7.45315e-01
  1.53851e+00  1.49452e+05  7.56536e-01
  1.51897e+00  1.43033e+05  7.68040e-01
  1.49942e+00  1.36637e+05  7.79601e-01
  1.47988e+00  1.30141e+05  7.90921e-01
  1.46033e+00  1.23526e+05  8.02262e-01
  1.44079e+00  1.16927e+05  8.13700e-01
  1.42124e+00  1.10158e+05  8.25026e-01
  1.40170e+00  1.03510e+05  8.36488e-01
  1.38215e+00  9.69552e+04  8.47837e-01
  1.36260e+00  9.05923e+04  8.59306e-01
  1.34306e+00  8.39732e+04  8.70783e-01
  1.32351e+00  7.66387e+04  8.82516e-01
  1.30396e+00  6.94031e+04  8.94587e-01
  1.28441e+00  6.29237e+04  9.06992e-01
  1.26487e+00  5.71549e+04  9.18979e-01
  1.24532e+00  5.16425e+04  9.30737e-01
  1.22577e+00  4.60927e+04  9.42686e-01
  1.20622e+00  4.09404e+04  9.54903e-01
  1.18667e+00  3.62981e+04  9.67491e-01
  1.16711e+00  3.23181e+04  9.80571e-01
  1.14756e+00  2.86734e+04  9.93881e-01
  1.12801e+00  2.52744e+04  1.00742e+00
  1.10845e+00  2.20087e+04  1.02116e+00
  1.08890e+00  1.89640e+04  1.03535e+00
  1.06934e+00  1.60210e+04  1.04970e+00
  1.04979e+00  1.33316e+04  1.06423e+00
  1.03023e+00  1.10140e+04  1.07879e+00
  1.01067e+00  9.26699e+03  1.09284e+00
  9.91115e-01  8.06764e+03  1.10656e+00
  9.71556e-01  7.30616e+03  1.11992e+00
  9.51995e-01  6.72101e+03  1.13296e+00
  9.32433e-01  6.20914e+03  1.14665e+00
  9.12870e-01  5.77136e+03  1.16054e+00
  8.93306e-01  5.47896e+03  1.17395e+00
  8.73741e-01  5.33969e+03  1.18669e+00
  8.54174e-01  5.22526e+03  1.19847e+00
  8.34607e-01  5.13875e+03  1.20941e+00
  8.15038e-01  5.05929e+03  1.21921e+00
  7.95468e-01  4.98300e+03  1.22819e+00
  7.75896e-01  4.91155e+03  1.23616e+00
  7.56324e-01  4.84876e+03  1.24329e+00
  7.36749e-01  4.78618e+03  1.24965e+00
  7.17174e-01  4.72598e+03  1.25547e+00
  6.97597e-01  4.66990e+03  1.26044e+00
  6.78019e-01  4.61213e+03  1.26441e+00
  6.58439e-01  4.55131e+03  1.26762e+00
  6.38857e-01  4.48813e+03  1.27032e+00
  6.19274e-01  4.42205e+03  1.27233e+00
  5.99690e-01  4.33826e+03  1.27352e+00
  5.80104e-01  4.23738e+03  1.27447e+00
  5.60516e-01  4.13397e+03  1.27518e+00
  5.40926e-01  4.02060e+03  1.27596e+00
  5.21335e-01  3.89633e+03  1.27691e+00
  5.01742e-01  3.75360e+03  1.27786e+00
  4.82147e-01  3.59689e+03  1.27860e+00
  4.62550e-01  3.43985e+03  1.27913e+00
  4.42952e-01  3.31060e+03  1.27946e+00
  4.23352e-01  3.20820e+03  1.27968e+00
  4.03749e-01  3.11993e+03  1.27984e+00
  3.84145e-01  3.04842e+03  1.27995e+00
  3.64539e-01  2.98450e+03  1.28004e+00
  3.44930e-01  2.91951e+03  1.28012e+00
  3.25320e-01  2.86308e+03  1.28016e+00
  3.05708e-01  2.84367e+03  1.28016e+00
  2.86093e-01  2.84847e+03  1.28017e+00
  2.66477e-01  2.87004e+03  1.28017e+00
  2.46858e-01  2.90074e+03  1.28017e+00
  2.27237e-01  2.94145e+03  1.28017e+00
  2.07613e-01  2.98992e+03  1.28017e+00
  1.87988e-01  3.04326e+03  1.28018e+00
  1.68360e-01  3.10473e+03  1.28018e+00
  1.48730e-01  3.17607e+03  1.28018e+00
  1.29097e-01  3.25620e+03  1.28018e+00
  1.09462e-01  3.34327e+03  1.28018e+00
  8.98246e-02  3.43934e+03  1.28018e+00
  7.01847e-02  3.54556e+03  1.28018e+00
  5.05423e-02  3.65801e+03  1.28018e+00
  3.08973e-02  3.76578e+03  1.28018e+00
  1.12498e-02  3.86773e+03  1.28018e+00
 -8.40039e-03  3.96888e+03  1.28018e+00
 -2.80532e-02  4.07468e+03  1.28018e+00
 -4.77086e-02  4.16965e+03  1.28018e+00
 -6.73668e-02  4.25198e+03  1.28018e+00
 -8.70277e-02  4.33131e+03  1.28018e+00
 -1.06691e-01  4.41393e+03  1.28018e+00
 -1.26358e-01  4.49953e+03  1.28018e+00
 -1.46027e-01  4.59436e+03  1.28018e+00
 -1.65699e-01  4.70329e+03  1.28018e+00
 -1.85374e-01  4.82880e+03  1.28018e+00
 -2.05052e-01  4.97163e+03  1.28018e+00
 -2.24733e-01  5.13626e+03  1.28017e+00
 -2.44417e-01  5.32367e+03  1.28014e+00
 -2.64104e-01  5.56797e+03  1.28006e+00
 -2.83794e-01  5.86799e+03  1.27975e+00
 -3.03487e-01  6.29754e+03  1.27835e+00
 -3.23184e-01  6.83775e+03  1.27494e+00
 -3.42883e-01  7.53178e+03  1.26833e+00
 -3.62586e-01  8.26407e+03  1.25809e+00
 -3.82291e-01  8.93558e+03  1.24636e+00
 -4.02000e-01  9.44905e+03  1.23507e+00
 -4.21713e-01  9.79968e+03  1.22719e+00
 -4.41428e-01  1.00675e+04  1.22112e+00
 -4.61147e-01  1.02856e+04  1.21595e+00
 -4.80870e-01  1.04684e+04  1.21137e+00
 -5.00596e-01  1.06233e+04  1.20746e+00
 -5.20325e-01  1.07597e+04  1.20408e+00
 -5.40058e-01  1.08843e+04  1.20107e+00
 -5.59794e-01  1.10037e+04  1.19811e+00
 -5.79534e-01  1.11200e+04  1.19506e+00
 -5.99277e-01  1.12358e+04  1.19186e+00
 -6.19024e-01  1.13484e+04  1.18873e+00
 -6.38775e-01  1.14632e+04  1.18545e+00
 -6.58529e-01  1.15762e+04  1.18210e+00
 -6.78287e-01  1.16852e+04  1.17884e+00
 -6.98049e-01  1.17922e+04  1.17565e+00
 -7.17815e-01  1.18959e+04  1.17254e+00
 -7.37584e-01  1.19981e+04  1.16941e+00
 -7.57357e-01  1.20977e+04  1.16632e+00
 -7.77134e-01  1.21926e+04  1.16351e+00
 -7.96915e-01  1.22864e+04  1.16076e+00
 -8.16700e-01  1.23790e+04  1.15811e+00
 -8.36489e-01  1.24719e+04  1.15545e+00
 -8.56282e-01  1.25663e+04  1.15274e+00
 -8.76079e-01  1.26714e+04  1.14938e+00
 -8.95880e-01  1.27809e+04  1.14574e+00
 -9.15685e-01  1.28871e+04  1.14222e+00
 -9.35494e-01  1.29893e+04  1.13894e+00
 -9.55307e-01  1.30924e+04  1.13559e+00
 -9.75127e-01  1.31959e+04  1.13211e+00
 -9.94965e-01  1.32946e+04  1.12891e+00
 -1.01483e+00  1.33909e+04  1.12589e+00
 -1.03475e+00  1.34904e+04  1.12264e+00
 -1.05472e+00  1.35941e+04  1.11913e+00
 -1.07476e+00  1.36959e+04  1.11573e+00
 -1.09489e+00  1.37957e+04  1.11246e+00
 -1.11512e+00  1.38928e+04  1.10940e+00
 -1.13545e+00  1.39860e+04  1.10669e+00
 -1.15592e+00  1.40803e+04  1.10394e+00
 -1.17652e+00  1.41786e+04  1.10094e+00
 -1.19728e+00  1.42869e+04  1.09724e+00
 -1.21820e+00  1.43996e+04  1.09325e+00
 -1.23930e+00  1.45115e+04  1.08936e+00
 -1.26059e+00  1.46171e+04  1.08595e+00
 -1.28209e+00  1.47186e+04  1.08286e+00
 -1.30381e+00  1.48174e+04  1.07999e+00
 -1.32576e+00  1.49173e+04  1.07710e+00
 -1.34796e+00  1.50169e+04  1.07429e+00
 -1.37042e+00  1.51144e+04  1.07172e+00
 -1.39316e+00  1.52183e+04  1.06875e+00
 -1.41618e+00  1.53300e+04  1.06530e+00
 -1.43950e+00  1.54435e+04  1.06182e+00
 -1.46313e+00  1.55640e+04  1.05791e+00
 -1.48710e+00  1.56849e+04  1.05407e+00
 -1.51140e+00  1.57980e+04  1.05087e+00
 -1.53606e+00  1.59053e+04  1.04818e+00
 -1.56109e+00  1.60129e+04  1.04556e+00
 -1.58649e+00  1.61338e+04  1.04210e+00
 -1.61230e+00  1.62571e+04  1.03856e+00
 -1.63851e+00  1.63837e+04  1.03492e+00
 -1.66514e+00  1.65218e+04  1.03059e+00
 -1.69221e+00  1.66588e+04  1.02645e+00
 -1.71973e+00  1.67885e+04  1.02292e+00
 -1.74771e+00  1.69180e+04  1.01952e+00
 -1.77616e+00  1.70466e+04  1.01630e+00
 -1.80511e+00  1.71708e+04  1.01350e+00
 -1.83456e+00  1.73001e+04  1.01048e+00
 -1.86452e+00  1.74347e+04  1.00724e+00
 -1.89502e+00  1.75773e+04  1.00360e+00
 -1.92605e+00  1.77279e+04  9.99569e-01
 -1.95765e+00  1.78732e+04  9.96031e-01
 -1.98981e+00  1.80079e+04  9.93330e-01
 -2.02256e+00  1.81470e+04  9.90493e-01
 -2.05590e+00  1.83196e+04  9.85657e-01
 -2.08986e+00  1.84848e+04  9.81468e-01
 -2.12443e+00  1.86377e+04  9.78211e-01
 -2.15965e+00  1.87945e+04  9.74865e-01
 -2.19552e+00  1.89653e+04  9.70831e-01
 -2.23205e+00  1.91362e+04  9.66981e-01
 -2.26926e+00  1.93052e+04  9.63413e-01
 -2.30716e+00  1.94718e+04  9.60187e-01
 -2.34577e+00  1.96346e+04  9.57377e-01
 -2.38509e+00  1.97890e+04  9.55252e-01
 -2.42515e+00  1.99412e+04  9.53420e-01
 -2.46595e+00  2.01078e+04  9.50969e-01
 -2.50751e+00  2.02784e+04  9.48381e-01
 -2.54984e+00  2.04514e+04  9.45520e-01
 -2.59296e+00  2.06834e+04  9.41229e-01
